27 23
40 0
21 26
5 3
10 1
39 11
28 23
32 25
31 11
31 1
39 4
29 41
20 21
31 7
13 14
10 9
13 39
33 5
7 4
31 33
33 2
9 2
1 9
21 29
40 5
18 28
31 1
22 11
10 26
12 30
29 36
20 30
20 0
1 19
36 34
22 12
6 23
24 4
14 30
6 7
19 15
25 0
21 18
37 26
34 38
40 17
20 32
30 15
2 4
18 39
8 34
24 0
10 5
36 9
25 13
2 14
24 35
24 6
16 37
17 25
15 40
7 8
19 14
32 13
3 17
23 41
37 5
22 16
6 12
28 27
17 28
24 12
35 28
22 33
35 19
25 36
29 4
35 16
34 41
38 6
32 13
18 11
16 29
12 3
7 30
15 19
10 3
27 8
41 17
3 38
38 0
20 27
8 9
16 26
21 37
18 15
2 8
14 11
26 22
23 28
